CASM    Generic wetland environmental data Dec 2020  S.M. Bartell                                                          
fktrN 01.0000
fktrP 01.0000
fktrS 01.0000
            Te      Th     I0      N       P       Si      depth   velocityTIS     POCe    wind    salinity
     DOY    C       C      eins/m2 mg/L    mg/L    mg/L    m       m/s     mg/L    mg/L    m/s     psu
--------------------------------------------------------------------------------------------------------------------
       1    6.67    6.67   20.75   0.935   0.328   5.990   0.305      0.   12.39    3.34    4.46      0.
       2    6.33    6.33   20.65   1.075   0.128   8.440   0.318      0.    4.98    1.34    5.53      0.
       3    6.00    6.00   21.81   1.257   0.136   9.037   0.321      0.   14.53    3.92    3.98      0.
       4    5.67    5.67   24.63   0.983   0.288   8.545   0.542      0.   31.50    8.50    5.45      0.
       5    5.33    5.33   22.17   1.038   0.320   8.900   0.337      0.    7.53    2.03    9.21      0.
       6    5.33    5.33   16.61   0.980   0.160   8.993   0.306      0.    3.95    1.07    7.25      0.
       7    5.00    5.00   26.16   0.929   0.248   9.100   0.296      0.    2.16    0.58    5.31      0.
       8    4.67    4.67   28.04   0.907   0.152   9.553   0.288      0.   18.82    5.08    1.80      0.
       9    4.33    4.33   26.40   0.799   0.128  10.137   0.260      0.    5.90    1.59    5.28      0.
      10    4.33    4.33   26.50   0.856   0.216   8.983   0.256      0.   95.02   25.63    8.48      0.
      11    4.67    4.67   24.84   1.018   0.280   9.307   0.400      0.   23.64    6.38    8.15      0.
      12    4.67    4.67   30.71   0.942   0.232   9.465   0.319      0.    8.65    2.33    5.86      0.
      13    4.33    4.33   18.47   0.689   0.096  10.080   0.247      0.    2.99    0.81    4.04      0.
      14    4.33    4.33   22.77   0.852   0.096   9.293   0.266      0.    3.52    0.95    3.45      0.
      15    4.33    4.33   25.67   0.829   0.080   9.053   0.265      0.    4.53    1.22    4.63      0.
      16    4.00    4.00   24.25   0.783   0.064   9.035   0.260      0.    3.37    0.91    9.55      0.
      17    4.00    4.00   23.59   0.753   0.064   9.035   0.271      0.    4.17    1.12    7.70      0.
      18    4.00    4.00   27.07   0.835   0.072   8.800   0.271      0.    3.70    1.00    6.40      0.
      19    4.00    4.00   30.60   0.802   0.064   9.035   0.262      0.    2.89    0.78    3.50      0.
      20    4.00    4.00   32.17   0.749   0.064   9.170   0.258      0.    2.87    0.78    5.64      0.
      21    4.00    4.00   28.97   0.867   0.032   9.370   0.260      0.    2.81    0.76    4.33      0.
      22    3.67    3.67   21.45   0.827   0.024   6.730   0.269      0.    1.94    0.52    9.45      0.
      23    4.00    4.00   21.37   0.779   0.240   6.925   0.533      0.   22.72    6.13    4.78      0.
      24    4.00    4.00   26.00   0.826   0.616   6.572   0.408      0.    7.52    2.03    3.75      0.
      25    3.67    3.67   25.23   0.829   3.032   7.115   0.311      0.    3.86    1.04    7.98      0.
      26    4.00    4.00   32.97   1.042   1.760   7.240   0.374      0.   13.76    3.71    4.07      0.
      27    4.00    4.00   27.11   1.241   1.240   7.403   0.386      0.  124.50   33.58    4.10      0.
      28    4.00    4.00   29.15   1.184   0.760   8.493   0.305      0.    9.35    2.52    6.19      0.
      29    4.00    4.00   24.94   1.006   0.456   8.158   0.281      0.    3.70    1.00    2.33      0.
      30    4.33    4.33   23.48   1.001   0.368   8.468   0.292      0.    9.79    2.64    2.97      0.
      31    4.00    4.00   30.82   1.093   0.216   8.593   0.280      0.    3.43    0.93    5.80      0.
      32    4.00    4.00   33.47   1.009   1.128  11.393   0.266      0.    1.83    0.49    4.46      0.
      33    4.00    4.00   30.50   0.977   0.584   9.494   0.391      0.   17.75    4.79    1.55      0.
      34    4.00    4.00   27.44   1.217   0.696   8.756   0.645      0.   31.26    8.43    4.59      0.
      35    4.33    4.33   30.39   1.317   0.672   9.028   0.360      0.   10.17    2.74    6.27      0.
      36    4.00    4.00   31.03   1.239   0.312   9.845   0.337      0.    9.40    2.54    6.06      0.
      37    3.67    3.67   27.68   0.934   0.216   8.190   0.294      0.    5.31    1.43    4.44      0.
      38    3.67    3.67   32.64   0.901   0.144   8.003   0.270      0.    3.92    1.06    2.45      0.
      39    3.67    3.67   37.16   0.876   0.168   8.248   0.258      0.    2.31    0.62    5.41      0.
      40    3.67    3.67   35.41   0.895   0.168  10.152   0.262      0.    3.16    0.85    1.52      0.
      41    4.00    4.00   33.66   0.846   0.160   9.444   0.263      0.    2.17    0.59    2.29      0.
      42    4.00    4.00   34.40   0.759   0.688   7.044   0.555      0.   43.76   11.80    4.39      0.
      43    4.00    4.00   43.73   0.982   0.584   6.785   0.421      0.   13.56    3.66    5.56      0.
      44    4.33    4.33   42.50   1.030   0.264   7.763   0.378      0.   10.11    2.73    4.48      0.
      45    4.33    4.33   45.76   1.034   0.264   7.730   0.463      0.   24.11    6.50    3.07      0.
      46    5.00    5.00   39.45   0.947   0.224   7.925   0.359      0.   10.16    2.74    5.07      0.
      47    5.00    5.00   37.46   0.968   0.192   7.878   0.356      0.   35.51    9.58    4.71      0.
      48    5.67    5.67   29.77   1.437   0.280   9.260   0.404      0.   14.98    4.04    4.22      0.
      49    5.67    5.67   33.94   1.474   0.160  10.366   0.374      0.    6.83    1.84    7.93      0.
      50    5.33    5.33   35.26   1.591   0.240  10.016   0.454      0.   49.83   13.44    6.43      0.
      51    6.33    6.33   35.79   1.030   0.184   7.343   0.292      0.    3.71    1.00    3.66      0.
      52    6.67    6.67   36.92   0.971   0.168   7.005   0.289      0.    3.35    0.91    8.46      0.
      53    7.00    7.00   38.68   1.331   0.800   5.270   0.695      0.   48.26   13.02    8.08      0.
      54    7.67    7.67   39.97   1.607   0.448   7.748   0.815      0.   34.65    9.35    4.79      0.
      55    7.67    7.67   32.49   1.589   0.288   8.204   0.573      0.   15.13    4.08    3.48      0.
      56    8.00    8.00   41.83   1.539   0.152   8.566   0.424      0.    7.61    2.05    3.13      0.
      57    8.33    8.33   51.94   1.411   0.128   9.472   0.379      0.   10.87    2.93    3.57      0.
      58    7.33    7.33   45.01   1.266   0.152   9.528   0.351      0.    7.85    2.12    7.66      0.
      59    6.67    6.67   47.63   1.327   0.104   9.208   0.336      0.    8.42    2.27    2.94      0.
      60    6.33    6.33   46.52   1.264   0.064  11.205   0.317      0.    6.68    2.40    5.33      0.
      61    6.33    6.33   55.67   1.445   0.176   6.345   0.294      0.   69.76   25.09    5.05      0.
      62    6.67    6.67   63.43   0.934   0.104   6.793   0.297      0.    5.85    2.10    5.70      0.
      63    7.00    7.00   40.85   0.916   0.080   5.943   0.359      0.   17.16    6.17    2.99      0.
      64    8.00    8.00   41.87   1.156   0.272   7.930   0.420      0.   26.73    9.62    4.38      0.
      65    8.33    8.33   43.35   1.283   0.368   7.715   0.380      0.   12.68    4.56    6.62      0.
      66    8.33    8.33   48.85   1.190   0.304   8.163   0.352      0.   13.66    4.91    4.29      0.
      67    8.67    8.67   41.13   0.904   0.352   5.243   0.268      0.   84.53   30.40    5.59      0.
      68    8.33    8.33   50.31   1.124   0.304   8.690   0.391      0.   21.67    7.79    5.80      0.
      69    8.33    8.33   39.00   1.128   0.184   8.873   0.367      0.   17.47    6.28    5.43      0.
      70    7.67    7.67   43.57   1.126   0.176   9.093   0.330      0.   14.88    5.35    4.66      0.
      71    8.00    8.00   62.28   1.180   0.192   8.958   0.344      0.   12.61    4.54    1.74      0.
      72    7.33    7.33   55.66   1.327   0.240   9.138   0.303      0.    8.95    3.22    5.53      0.
      73    7.67    7.67   59.25   1.172   0.160   8.385   0.293      0.    4.92    1.77    7.54      0.
      74    8.00    8.00   57.32   1.071   0.160   8.960   0.287      0.    5.56    2.00    7.33      0.
      75    8.33    8.33   48.73   1.103   0.280   7.977   0.761      0.   32.91   11.84    2.84      0.
      76    9.00    9.00   45.14   1.209   0.264   6.995   0.419      0.   20.07    7.22    5.26      0.
      77    8.00    8.00   44.86   1.340   0.232   7.840   0.377      0.   10.52    3.78    6.01      0.
      78    8.33    8.33   37.98   0.986   0.120   8.273   0.311      0.    6.72    2.42    4.41      0.
      79    8.00    8.00   37.62   1.235   0.152   7.655   0.338      0.    8.95    3.22    3.04      0.
      80    7.33    7.33   43.46   1.354   0.256   7.463   0.282      0.   92.46   33.25    4.00      0.
      81    6.67    6.67   51.90   1.352   0.224   7.670   0.368      0.   32.56   11.71    5.32      0.
      82    7.00    7.00   62.11   1.130   0.144   7.733   0.318      0.   31.69   11.40    4.17      0.
      83    7.00    7.00   52.81   1.008   0.120   6.218   0.305      0.   11.80    4.25    3.67      0.
      84    7.33    7.33   53.21   1.063   0.136   5.473   0.347      0.   13.37    4.81    6.91      0.
      85    7.33    7.33   58.45   0.903   0.112   5.155   0.301      0.    8.72    3.14    5.30      0.
      86    8.33    8.33   55.13   1.095   0.168   6.210   0.331      0.    9.97    3.59    5.80      0.
      87    9.33    9.33   53.68   1.138   0.152   9.030   0.331      0.    8.77    3.16    5.72      0.
      88    9.67    9.67   58.67   1.755   0.192   8.305   0.446      0.   23.35    8.40    6.52      0.
      89   10.33   10.33   47.11   1.660   0.136   8.018   0.400      0.   14.39    5.18    4.36      0.
      90    9.33    9.33   71.61   1.557   0.192   7.533   0.564      0.   40.90   14.71    6.44      0.
      91    9.00    9.00   75.18   1.492   0.120   6.783   0.403      0.    7.82    3.12    2.34      0.
      92    9.67    9.67   62.60   1.321   0.096   6.450   0.341      0.    5.98    2.39    1.82      0.
      93   10.00   10.00   45.05   1.526   0.112   8.362   0.378      0.    7.94    3.17    3.38      0.
      94   10.33   10.33   41.17   1.521   0.200   8.582   0.438      0.   43.94   17.54    2.37      0.
      95   10.67   10.67   55.20   1.413   0.200   8.315   0.357      0.   13.56    5.41    6.56      0.
      96   11.33   11.33   59.98   1.591   0.120   8.730   0.416      0.   14.52    5.79    9.07      0.
      97   11.33   11.33   68.73   1.478   0.104   8.136   0.340      0.    9.35    3.73    9.35      0.
      98   10.33   10.33   66.03   1.382   0.088   8.562   0.312      0.    4.57    1.82    6.02      0.
      99   10.67   10.67   56.29   1.301   0.160   7.450   0.342      0.   30.69   12.25    4.87      0.
     100   10.67   10.67   63.98   1.543   0.216   7.808   0.426      0.   21.98    8.77    1.19      0.
     101   10.33   10.33   68.42   1.322   0.120   7.118   0.327      0.    7.78    3.10    2.78      0.
     102   10.33   10.33   63.52   1.167   0.224   9.874   0.402      0.   18.26    7.29    4.11      0.
     103   10.67   10.67   53.84   2.253   0.160   9.750   0.339      0.   10.84    4.33    6.90      0.
     104   12.00   12.00   59.24   1.649   0.216   9.030   0.552      0.   80.07   31.95    2.11      0.
     105   14.00   14.00   71.08   1.654   0.304  10.302   0.435      0.   35.09   14.01    2.56      0.
     106   14.00   14.00   69.94   1.555   0.208  10.830   0.351      0.   11.70    4.67    4.54      0.
     107   13.33   13.33   52.56   1.366   0.128   9.834   0.316      0.   10.86    4.33    5.60      0.
     108   13.00   13.00   75.93   1.272   0.056   8.902   0.312      0.    6.72    2.68    4.16      0.
     109   13.33   13.33   69.23   1.204   0.048   7.816   0.296      0.    5.29    2.11    1.19      0.
     110   13.67   13.67   78.61   1.145   0.040   8.040   0.289      0.    3.09    1.23    2.04      0.
     111   13.67   13.67   88.78   1.181   0.024   7.828   0.284      0.    3.70    1.48    2.43      0.
     112   14.33   14.33   69.94   0.724   0.072   4.335   0.364      0.   87.72   35.01    4.43      0.
     113   15.00   15.00   73.66   0.950   0.112   5.880   0.402      0.    8.54    3.41    4.30      0.
     114   14.33   14.33   66.89   0.915   0.152   5.610   0.399      0.    9.97    3.98    3.21      0.
     115   14.00   14.00   79.99   0.842   0.176   3.898   0.346      0.    8.76    3.50    3.85      0.
     116   14.00   14.00   78.63   0.736   0.104   3.580   0.301      0.    7.29    2.91    1.43      0.
     117   16.00   16.00   76.76   0.609   0.184   4.568   0.313      0.   32.51   12.98    3.28      0.
     118   17.67   17.67   74.09   0.653   0.184   5.720   0.313      0.    8.05    3.21    4.18      0.
     119   18.00   18.00   67.07   1.017   0.304   7.256   0.506      0.    4.11    1.64    2.36      0.
     120   17.33   17.33   63.06   0.769   0.400   8.382   0.355      0.   12.69    5.06    6.16      0.
     121   17.67   17.67   80.65   1.140   0.264   8.868   0.437      0.   13.48    6.84    9.26      0.
     122   16.67   16.67   84.64   0.889   0.248   8.418   0.535      0.   46.59   23.66    4.18      0.
     123   16.33   16.33   77.27   0.722   0.080   8.112   0.482      0.   41.80   21.23    6.40      0.
     124   16.33   16.33   92.48   0.773   0.168   6.708   0.398      0.    8.08    4.10    3.56      0.
     125   16.33   16.33   83.04   0.616   0.088   5.950   0.258      0.    4.39    2.23    6.94      0.
     126   16.67   16.67   83.52   1.013   0.208   7.335   0.332      0.   14.28    7.25    6.84      0.
     127   16.00   16.00   74.02   0.801   0.104   4.073   0.270      0.    6.12    3.11    1.94      0.
     128   17.00   17.00   69.65   0.688   0.080   7.270   0.262      0.    6.73    3.42    4.34      0.
     129   16.67   16.67   75.16   0.672   0.080   7.620   0.260      0.    5.72    2.90    5.86      0.
     130   16.67   16.67   85.08   0.733   0.056   7.942   0.271      0.    6.42    3.26    6.58      0.
     131   17.00   17.00   82.77   1.022   0.240   5.250   0.347      0.   16.71    8.49    4.75      0.
     132   17.67   17.67   90.94   0.718   0.208   5.980   0.413      0.   15.17    7.70    6.65      0.
     133   19.00   19.00   76.62   0.678   0.136   5.820   0.298      0.    7.19    3.65    2.69      0.
     134   20.00   20.00   70.77   0.426   0.088   5.190   0.256      0.    7.06    3.59    2.90      0.
     135   19.67   19.67   73.35   0.413   0.072   5.247   0.252      0.    6.10    3.10    7.00      0.
     136   18.67   18.67  100.40   0.960   0.256   6.490   0.330      0.    9.86    5.01    5.35      0.
     137   18.00   18.00   84.95   0.979   0.168   5.933   0.287      0.   10.53    5.35    5.21      0.
     138   17.33   17.33   70.08   2.135   0.392   9.173   0.354      0.   16.32    8.29    4.07      0.
     139   17.33   17.33   65.85   2.531   0.208  10.027   0.291      0.    5.71    2.90    5.96      0.
     140   18.00   18.00   81.80   1.699   0.168   8.955   0.273      0.    3.60    1.83    3.02      0.
     141   19.00   19.00   82.40   2.248   0.128   8.357   0.266      0.    6.67    3.39    4.35      0.
     142   18.67   18.67   90.64   1.643   0.216   7.645   0.299      0.    6.17    3.13    2.81      0.
     143   19.00   19.00   76.74   1.320   0.328   7.028   0.280      0.    7.10    3.61    2.01      0.
     144   19.33   19.33   93.69   0.938   0.152   8.006   0.290      0.   53.66   27.24    2.89      0.
     145   19.67   19.67   71.72   1.128   0.312   7.358   0.479      0.   47.14   23.94    3.91      0.
     146   20.33   20.33   86.85   0.953   0.072   7.370   0.250      0.    5.86    2.97    7.13      0.
     147   20.33   20.33   85.30   0.627   0.432   7.380   0.306      0.   13.67    6.94    6.78      0.
     148   20.00   20.00   67.33   1.353   0.288   6.070   0.306      0.   17.81    9.04    5.13      0.
     149   19.67   19.67   73.04   3.328   0.264   7.783   0.314      0.   18.60    9.45    5.60      0.
     150   19.33   19.33   69.64   2.582   0.328   9.116   0.287      0.   14.77    7.50    3.88      0.
     151   18.33   18.33   95.62   2.425   0.216   9.535   0.285      0.   18.59    9.44    3.45      0.
     152   18.67   18.67   78.42   1.560   0.072   8.188   0.261      0.    9.26    5.38    7.86      0.
     153   18.67   18.67   89.28   1.273   0.168   7.446   0.389      0.   47.58   27.64    4.52      0.
     154   19.00   19.00   79.11   1.192   0.184   7.510   0.370      0.   18.85   10.95    5.75      0.
     155   20.00   20.00   88.67   0.761   0.176   8.308   0.298      0.   13.31    7.73    3.96      0.
     156   19.67   19.67   88.54   1.179   0.152   7.668   0.277      0.   11.40    6.62    3.59      0.
     157   21.00   21.00   85.40   1.012   0.128   7.784   0.269      0.   11.75    6.83    4.33      0.
     158   20.67   20.67   94.34   1.052   0.176   6.993   0.278      0.   12.10    7.03    5.11      0.
     159   22.00   22.00   97.81   0.899   0.288   7.453   0.342      0.   35.07   20.37    4.51      0.
     160   23.00   23.00   87.02   1.461   0.152   6.020   0.281      0.   14.42    8.38    4.33      0.
     161   23.00   23.00   99.74   1.134   0.160   6.023   0.267      0.   12.81    7.44    0.73      0.
     162   23.67   23.67  112.09   0.588   0.304   8.095   0.230      0.   12.85    7.46    1.54      0.
     163   23.67   23.67   94.63   1.720   0.232   8.545   0.267      0.   12.35    7.18    2.74      0.
     164   23.00   23.00   93.68   2.402   0.208   8.495   0.249      0.   24.22   14.07    2.45      0.
     165   24.00   24.00   91.80   1.480   0.384   9.043   0.243      0.   25.61   14.88    4.64      0.
     166   24.00   24.00   83.12   1.117   0.528   8.233   0.230      0.   25.00   14.53    2.87      0.
     167   23.00   23.00   73.60   0.943   0.512   7.993   0.230      0.   19.13   11.12    5.89      0.
     168   23.00   23.00   98.52   1.331   0.352   8.393   0.229      0.   27.45   15.95    3.11      0.
     169   23.67   23.67   99.82   2.420   0.184  10.740   0.354      0.    7.84    4.56    3.03      0.
     170   24.33   24.33   78.84   2.570   0.176  11.053   0.261      0.   10.23    5.94    3.23      0.
     171   23.33   23.33   90.06   0.342   0.048   9.250   0.228      0.   13.19    7.67    4.39      0.
     172   23.33   23.33   95.68   0.616   0.160  10.153   0.227      0.   21.89   12.72    4.89      0.
     173   23.67   23.67  104.84   0.528   0.472   9.240   0.227      0.   68.21   39.63    2.91      0.
     174   24.00   24.00   94.63   1.372   0.264   9.607   0.227      0.   25.42   14.77    1.66      0.
     175   24.67   24.67   94.51   1.051   0.240  10.240   0.227      0.   19.03   11.05    3.65      0.
     176   25.33   25.33  107.11   1.388   0.384   8.583   0.228      0.   65.62   38.12    5.94      0.
     177   24.67   24.67  112.07   1.134   0.280   9.297   0.246      0.   19.51   11.33    2.85      0.
     178   24.33   24.33   95.49   0.912   0.216   8.877   0.246      0.   17.71   10.29    1.93      0.
     179   25.00   25.00   88.58   0.658   0.216   9.905   0.227      0.   18.60   10.81    2.65      0.
     180   24.00   24.00   69.06   0.683   0.264   9.163   0.228      0.   20.12   11.69    3.32      0.
     181   24.33   24.33   74.92   0.839   0.392  10.003   0.227      0.   17.68   10.27    3.86      0.
     182   24.33   24.33   94.88   0.698   0.328  10.370   0.227      0.   13.14    8.33    2.50      0.
     183   24.00   24.00   86.24   0.966   0.320  10.422   0.455      0.   31.99   20.27    3.26      0.
     184   23.67   23.67   92.08   1.016   0.088  10.975   0.235      0.   10.52    6.67    4.69      0.
     185   24.33   24.33   73.15   1.143   0.248  11.362   0.249      0.   14.45    9.16    4.35      0.
     186   25.00   25.00   80.67   1.116   0.288  10.326   0.249      0.  127.12   80.55    2.69      0.
     187   24.33   24.33   95.49   2.029   0.344  10.906   0.242      0.   32.17   20.39    3.13      0.
     188   24.00   24.00  104.28   1.575   0.288  11.274   0.250      0.   19.05   12.07    2.34      0.
     189   23.67   23.67   92.91   1.634   0.304  11.580   0.232      0.   11.74    7.44    4.66      0.
     190   24.33   24.33   78.79   1.306   0.248  11.602   0.229      0.   12.93    8.19    4.67      0.
     191   24.67   24.67   99.99   1.084   0.224  11.064   0.260      0.   18.19   11.53    2.71      0.
     192   24.67   24.67   95.60   1.273   0.400  10.438   0.325      0.   20.54   13.02    1.67      0.
     193   25.67   25.67   95.40   1.327   0.280  11.154   0.240      0.   13.69    8.68    0.68      0.
     194   26.00   26.00   98.16   1.313   0.240  11.032   0.229      0.   15.18    9.62    1.44      0.
     195   26.00   26.00  111.97   0.778   0.216  11.356   0.228      0.   11.95    7.57    3.66      0.
     196   26.00   26.00   98.27   0.593   0.192  11.510   0.227      0.   11.93    7.56    3.22      0.
     197   25.67   25.67   98.70   0.405   0.136  11.614   0.227      0.   13.01    8.25    2.28      0.
     198   25.67   25.67   92.80   0.309   0.152  11.518   0.227      0.   12.18    7.72    3.63      0.
     199   25.67   25.67   89.51   0.311   0.184  10.776   0.229      0.   22.46   14.24    2.96      0.
     200   26.00   26.00   85.76   0.291   0.144  10.904   0.227      0.   11.86    7.51    3.65      0.
     201   26.00   26.00   84.35   0.233   0.160  11.208   0.227      0.   10.61    6.73    1.80      0.
     202   26.67   26.67   93.79   0.593   0.256  10.670   0.227      0.   16.15   10.23    1.72      0.
     203   26.67   26.67   82.37   0.712   0.368  10.752   0.229      0.   22.06   13.98    3.02      0.
     204   26.00   26.00   98.68   0.472   0.232  11.838   0.227      0.   15.08    9.55    3.67      0.
     205   27.00   27.00   95.45   0.509   0.232  12.460   0.228      0.   11.54    7.31    3.70      0.
     206   27.67   27.67   94.18   0.448   0.200  13.695   0.232      0.   11.85    7.51    1.15      0.
     207   27.00   27.00   81.41   0.245   0.144  12.402   0.227      0.   11.06    7.01    3.29      0.
     208   26.67   26.67   77.59   0.195   0.128  11.938   0.235      0.   16.16   10.24    2.46      0.
     209   25.67   25.67   78.81   0.441   0.184  11.913   0.228      0.   15.63    9.90    2.85      0.
     210   26.33   26.33   97.01   0.549   0.288  11.778   0.245      0.   19.32   12.24    4.41      0.
     211   27.33   27.33   97.48   0.443   0.224  12.808   0.264      0.   10.85    6.87    4.02      0.
     212   26.00   26.00   86.95   0.356   0.168  10.853   0.229      0.    9.37    5.94    1.51      0.
     213   26.00   26.00   92.30   0.253   0.120  10.415   0.230      0.    7.06    5.29    1.91      0.
     214   26.00   26.00   69.42   0.208   0.144  10.793   0.228      0.    6.04    4.53    3.28      0.
     215   26.33   26.33   67.63   0.162   0.144  10.448   0.229      0.    4.47    3.35    1.76      0.
     216   26.67   26.67   63.34   0.379   0.352  10.068   0.280      0.   15.63   11.72    3.79      0.
     217   26.67   26.67   72.29   0.309   0.240  10.218   0.260      0.   11.20    8.40    3.94      0.
     218   27.00   27.00   82.64   0.274   0.296  10.805   0.240      0.   18.33   13.74    1.81      0.
     219   27.33   27.33   79.31   0.259   0.248  11.800   0.238      0.    9.25    6.94    0.89      0.
     220   27.67   27.67   82.96   0.188   0.184  10.873   0.230      0.    9.67    7.25    1.39      0.
     221   27.67   27.67   85.98   0.177   0.064  10.564   0.227      0.    9.49    7.12    3.52      0.
     222   27.33   27.33   81.19   0.157   0.112  10.460   0.227      0.    9.70    7.27    2.73      0.
     223   27.00   27.00   72.31   0.147   0.160   9.876   0.227      0.   12.04    9.03    2.55      0.
     224   26.67   26.67   86.55   0.231   0.176  10.254   0.228      0.    7.69    5.77    3.67      0.
     225   26.67   26.67   90.26   0.205   0.168  10.278   0.227      0.    7.96    5.97    3.67      0.
     226   26.00   26.00   85.35   0.181   0.152  12.022   0.227      0.    8.98    6.73    1.46      0.
     227   26.67   26.67   76.89   0.181   0.184  12.078   0.239      0.    8.30    6.22    4.92      0.
     228   26.33   26.33   83.07   0.247   0.256  11.412   0.236      0.    9.25    6.94    4.52      0.
     229   26.67   26.67   83.57   0.256   0.200  11.402   0.231      0.    9.48    7.11    2.82      0.
     230   27.33   27.33   82.10   0.351   0.336  11.434   0.298      0.   15.21   11.40    3.73      0.
     231   26.67   26.67   90.73   0.303   0.288  11.404   0.245      0.    9.45    7.08    2.88      0.
     232   27.00   27.00   82.28   0.143   0.112  12.078   0.229      0.    6.01    4.50    2.25      0.
     233   27.00   27.00   85.35   0.103   0.104  13.105   0.232      0.    6.95    5.21    4.12      0.
     234   26.33   26.33   66.33   0.093   0.080  11.500   0.229      0.    6.73    5.04    4.56      0.
     235   25.67   25.67   76.97   0.098   0.104  11.615   0.238      0.    7.00    5.25    3.07      0.
     236   26.00   26.00   87.03   0.099   0.112  12.138   0.228      0.    7.06    5.29    2.97      0.
     237   25.67   25.67   87.28   0.203   0.144  11.092   0.239      0.    5.01    3.76    1.67      0.
     238   24.67   24.67   78.07   0.168   0.136  11.198   0.244      0.    5.42    4.07    0.93      0.
     239   24.67   24.67   80.56   0.156   0.096  10.770   0.251      0.    6.18    4.64    2.03      0.
     240   25.00   25.00   69.30   0.139   0.088   9.672   0.249      0.    6.82    5.11    2.79      0.
     241   25.33   25.33   75.87   0.096   0.112   9.903   0.229      0.    5.13    3.84    1.94      0.
     242   26.00   26.00   66.45   0.155   0.176   9.410   0.228      0.   14.82   11.11    1.49      0.
     243   26.00   26.00   60.05   0.287   0.344   9.700   0.241      0.   48.52   36.38    2.78      0.
     244   25.33   25.33   62.51   0.758   0.608  11.058   0.233      0.   11.17    9.86    0.95      0.
     245   25.33   25.33   66.33   0.817   0.624   9.085   0.229      0.   22.83   20.15    1.53      0.
     246   25.00   25.00   62.84   0.881   0.528  10.453   0.228      0.   16.65   14.70    5.84      0.
     247   25.33   25.33   69.56   1.021   0.480  12.514   0.227      0.   13.77   12.15    2.44      0.
     248   25.67   25.67   71.58   0.357   0.512  10.740   0.232      0.   12.86   11.35    2.11      0.
     249   25.00   25.00   61.33   0.679   0.504  10.190   0.228      0.   17.53   15.47    3.64      0.
     250   25.67   25.67   58.35   1.139   0.512  10.167   0.282      0.   22.46   19.83    2.06      0.
     251   25.33   25.33   83.47   1.056   0.632  11.193   0.238      0.    8.41    7.42    2.03      0.
     252   24.00   24.00   73.97   0.787   0.536  11.557   0.230      0.    7.87    6.94    2.90      0.
     253   24.33   24.33   74.03   0.612   0.368  12.560   0.229      0.    7.47    6.59    3.07      0.
     254   24.67   24.67   68.65   0.383   0.312  11.568   0.227      0.    6.09    5.37    2.52      0.
     255   23.00   23.00   71.32   0.283   0.224  10.888   0.229      0.    6.07    5.36    2.83      0.
     256   22.67   22.67   74.26   0.214   0.216  10.855   0.234      0.    4.63    4.09    0.57      0.
     257   22.67   22.67   54.23   0.184   0.248  10.550   0.227      0.    5.22    4.61    0.71      0.
     258   21.33   21.33   49.46   0.110   0.176  10.335   0.227      0.    6.06    5.35    0.99      0.
     259   21.67   21.67   53.80   0.108   0.208  10.148   0.229      0.    4.57    4.03    2.04      0.
     260   22.00   22.00   60.36   0.489   0.368   9.813   0.238      0.   16.90   14.92    4.68      0.
     261   20.67   20.67   65.92   0.592   0.328  11.313   0.233      0.   11.03    9.74    1.83      0.
     262   21.67   21.67   71.83   0.433   0.496  10.733   0.243      0.    7.68    6.78    4.37      0.
     263   21.67   21.67   62.58   0.320   0.384  11.073   0.251      0.    6.92    6.11    3.64      0.
     264   23.00   23.00   67.21   0.385   0.288  10.150   0.289      0.   18.36   16.21    2.96      0.
     265   22.00   22.00   52.83   0.573   0.208  10.212   0.267      0.    9.98    8.81    1.11      0.
     266   22.00   22.00   49.87   0.429   0.344  10.698   0.277      0.    6.41    5.66    2.09      0.
     267   22.00   22.00   60.83   0.493   0.800   9.912   0.261      0.    6.43    5.67    2.40      0.
     268   21.00   21.00   47.49   0.394   0.568  10.230   0.254      0.    4.79    4.23    4.28      0.
     269   20.67   20.67   56.66   0.333   0.272   9.988   0.260      0.    5.34    4.72    2.83      0.
     270   21.33   21.33   50.85   0.189   0.200  10.292   0.256      0.    3.97    3.50    2.77      0.
     271   19.67   19.67   58.92   0.139   0.184  10.146   0.247      0.    4.42    3.90    3.01      0.
     272   19.00   19.00   61.36   0.107   0.168  10.125   0.246      0.    3.37    2.97    5.94      0.
     273   18.00   18.00   56.40   0.083   0.176   9.878   0.245      0.    2.69    2.38    5.47      0.
     274   18.00   18.00   46.46   0.076   0.168   8.980   0.233      0.    2.74    1.97    3.85      0.
     275   17.67   17.67   59.47   0.062   0.168   8.860   0.227      0.    4.51    3.25    3.01      0.
     276   17.33   17.33   58.44   0.023   0.152   9.303   0.244      0.    3.42    2.46    4.31      0.
     277   18.00   18.00   47.55   0.195   0.160  10.083   0.264      0.    9.92    7.14    3.83      0.
     278   18.00   18.00   45.48   0.583   0.288   9.680   0.607      0.   52.64   37.87    2.51      0.
     279   17.67   17.67   56.13   0.904   0.632   8.617   0.426      0.   29.18   20.99    3.57      0.
     280   16.67   16.67   43.71   0.753   0.672   9.953   0.336      0.    7.51    5.41    2.24      0.
     281   16.33   16.33   50.86   0.591   0.424  10.250   0.282      0.    3.93    2.83    1.76      0.
     282   16.33   16.33   45.40   0.439   0.352  10.607   0.263      0.    5.62    4.04    4.52      0.
     283   17.33   17.33   47.57   0.366   0.288  10.827   0.253      0.    3.74    2.69    2.65      0.
     284   18.33   18.33   46.65   0.321   0.256  10.800   0.247      0.    3.91    2.82    1.48      0.
     285   18.33   18.33   40.31   0.279   0.216  11.067   0.243      0.    3.42    2.46    3.35      0.
     286   17.33   17.33   43.46   0.554   0.264   9.740   0.385      0.   32.10   23.09    7.00      0.
     287   17.67   17.67   43.39   0.627   0.312  10.860   0.354      0.    7.57    5.44    4.53      0.
     288   18.67   18.67   42.15   0.493   0.288  10.677   0.278      0.    4.38    3.15    2.26      0.
     289   18.33   18.33   51.57   0.368   0.248  10.867   0.267      0.    5.99    4.31    4.17      0.
     290   17.33   17.33   44.10   0.305   0.168  10.847   0.267      0.    3.68    2.65    3.84      0.
     291   17.33   17.33   43.62   0.268   0.160  11.387   0.250      0.    4.07    2.93    1.98      0.
     292   17.67   17.67   36.74   0.233   0.160  12.197   0.248      0.    3.21    2.31    1.16      0.
     293   17.67   17.67   38.66   0.241   0.200  11.997   0.247      0.    2.87    2.06    4.14      0.
     294   17.33   17.33   34.01   0.248   0.192  11.320   0.246      0.    9.57    6.89    3.04      0.
     295   17.33   17.33   32.00   0.427   0.200  11.397   0.280      0.    8.24    5.93    3.07      0.
     296   16.67   16.67   35.83   0.594   0.456  11.453   0.428      0.    8.46    6.09    2.06      0.
     297   17.00   17.00   45.89   0.557   0.328  12.123   0.331      0.    5.25    3.77    2.84      0.
     298   17.00   17.00   31.79   0.443   0.272  12.697   0.284      0.    3.52    2.53    4.62      0.
     299   16.33   16.33   30.08   0.433   0.320  12.125   0.260      0.    3.78    2.72    5.44      0.
     300   16.67   16.67   37.55   0.381   0.232  12.288   0.254      0.    3.64    2.62    5.37      0.
     301   16.67   16.67   40.13   0.413   0.176  12.733   0.253      0.    2.52    1.81    3.69      0.
     302   16.33   16.33   45.88   0.677   0.184  12.785   0.254      0.    1.76    1.27    2.86      0.
     303   15.67   15.67   43.01   0.648   0.136  13.060   0.248      0.    2.56    1.84    3.49      0.
     304   14.67   14.67   38.34   0.578   0.136  12.813   0.246      0.    2.36    1.70    5.83      0.
     305   14.67   14.67   32.37   0.459   0.296  11.315   0.320      0.   20.32    9.85    4.06      0.
     306   15.33   15.33   36.60   0.517   0.376  11.090   0.306      0.    7.06    3.42    4.82      0.
     307   14.67   14.67   35.89   0.445   0.384  10.725   0.443      0.   12.59    6.10    4.32      0.
     308   14.00   14.00   25.18   0.555   0.424   9.488   0.335      0.   12.05    5.84    3.56      0.
     309   13.67   13.67   23.90   0.973   0.336   9.092   0.294      0.    5.97    2.90    2.40      0.
     310   13.00   13.00   30.23   0.967   0.280   9.168   0.269      0.    3.72    1.80    3.84      0.
     311   12.67   12.67   35.52   0.939   0.208   9.628   0.261      0.    1.85    0.90    4.67      0.
     312   12.00   12.00   32.82   0.843   0.144   9.820   0.255      0.    1.77    0.86    6.09      0.
     313   11.33   11.33   29.08   0.705   0.128   9.770   0.252      0.    3.79    1.84    3.71      0.
     314   12.00   12.00   27.57   0.919   0.824  10.000   0.305      0.    4.51    2.19    1.93      0.
     315   12.00   12.00   26.32   1.334   0.656   9.244   0.549      0.   61.42   29.77    2.67      0.
     316   12.00   12.00   27.24   1.355   0.528   9.545   0.378      0.    9.48    4.60    3.63      0.
     317   10.67   10.67   32.51   1.432   0.360   9.268   0.322      0.    5.97    2.90    2.57      0.
     318   10.00   10.00   30.88   1.320   0.416   9.755   0.296      0.    3.79    1.84    5.72      0.
     319   10.00   10.00   24.50   1.175   0.312   9.883   0.276      0.    2.61    1.26    2.77      0.
     320   10.00   10.00   32.04   1.053   0.272   9.250   0.366      0.    4.51    2.19    4.37      0.
     321    9.67    9.67   29.25   1.000   0.224   9.353   0.333      0.    2.13    1.03    5.19      0.
     322    9.67    9.67   23.12   0.913   0.184   9.445   0.281      0.    1.83    0.89    3.89      0.
     323   10.00   10.00   23.70   0.783   0.136   8.870   0.276      0.    5.27    2.55    3.80      0.
     324   10.67   10.67   23.88   1.149   0.464   9.088   0.392      0.   11.95    5.79    2.76      0.
     325   10.67   10.67   23.79   1.041   0.296   9.022   0.316      0.    5.88    2.85    2.80      0.
     326   10.33   10.33   29.47   1.149   0.280   9.226   0.296      0.    4.33    2.10    4.30      0.
     327    9.00    9.00   23.32   1.104   0.304  10.724   0.303      0.    4.82    2.34    5.23      0.
     328    9.33    9.33   22.85   1.336   0.688  10.058   0.488      0.   22.34   10.83    3.56      0.
     329    9.00    9.00   31.15   1.380   0.392  10.596   0.348      0.    7.33    3.55    5.69      0.
     330    8.67    8.67   25.53   1.206   0.544   9.790   0.495      0.   14.84    7.20    6.72      0.
     331    9.00    9.00   21.33   1.176   0.408   9.460   0.362      0.   11.49    5.57    4.00      0.
     332    9.33    9.33   17.21   1.418   0.512   8.628   0.537      0.   20.46    9.92    4.97      0.
     333    9.33    9.33   22.29   1.614   0.520   9.138   0.469      0.   11.25    5.45    3.11      0.
     334    9.00    9.00   26.69   1.329   0.256   9.423   0.318      0.    6.79    3.29    3.63      0.
     335    8.67    8.67   17.40   1.539   0.312   9.304   0.453      0.   17.41    6.26    5.04      0.
     336    8.00    8.00   18.67   1.512   0.272   9.592   0.435      0.    5.44    1.96    0.84      0.
     337    7.67    7.67   20.74   1.375   0.160   9.513   0.446      0.    2.32    0.83    3.16      0.
     338    7.00    7.00   19.81   1.232   0.272   9.628   0.547      0.   13.41    4.83    5.24      0.
     339    6.00    6.00   15.99   1.259   0.216   9.965   0.498      0.    3.50    1.26    5.71      0.
     340    6.00    6.00   19.51   1.311   0.224  10.553   0.472      0.    3.83    1.38    7.44      0.
     341    6.00    6.00   22.90   1.234   0.200  10.527   0.471      0.    3.98    1.43    5.44      0.
     342    6.00    6.00   23.75   1.340   0.296  10.357   0.327      0.    9.53    3.43    2.96      0.
     343    5.33    5.33   20.75   1.761   0.248  10.690   0.308      0.    8.01    2.88    3.04      0.
     344    5.67    5.67   17.81   1.598   0.240  10.068   0.299      0.    4.74    1.70    4.24      0.
     345    6.00    6.00   17.34   1.739   0.320   9.638   0.297      0.    4.11    1.48    3.48      0.
     346    7.33    7.33   22.68   1.605   0.256   9.228   0.289      0.    3.01    1.08    3.48      0.
     347    7.00    7.00   16.81   1.190   0.208   8.908   0.318      0.    3.84    1.38    6.10      0.
     348    7.00    7.00   18.80   1.487   0.160   9.494   0.346      0.   15.13    5.44    3.23      0.
     349    7.00    7.00   18.02   1.594   0.224   9.898   0.321      0.    9.23    3.32    3.26      0.
     350    7.00    7.00   18.82   1.497   0.296   9.154   0.497      0.   10.51    3.78    4.47      0.
     351    6.67    6.67   23.81   1.450   0.184   9.968   0.495      0.    5.16    1.86    1.32      0.
     352    6.67    6.67   20.25   1.231   0.136  10.213   0.277      0.   19.95    7.18    2.75      0.
     353    6.33    6.33   20.59   1.147   0.120  10.268   0.269      0.   14.45    5.20    3.54      0.
     354    6.00    6.00   27.61   1.122   0.072  10.143   0.262      0.    5.65    2.03    2.17      0.
     355    5.67    5.67   16.98   1.059   0.072   9.948   0.263      0.   10.30    3.70    3.50      0.
     356    5.33    5.33   20.79   1.448   0.656   8.530   0.353      0.   31.73   11.41    4.40      0.
     357    5.67    5.67   21.32   1.683   1.152   8.958   0.511      0.   29.91   10.76    4.39      0.
     358    5.33    5.33   20.39   1.543   0.648   9.035   0.349      0.   61.58   22.15    3.86      0.
     359    4.67    4.67   29.26   1.586   0.384   9.893   0.434      0.   20.46    7.36    5.10      0.
     360    4.67    4.67   19.24   1.446   0.472  10.360   0.387      0.   14.61    5.26    6.11      0.
     361    4.33    4.33   14.84   1.273   0.416  10.470   0.339      0.    8.51    3.06    2.94      0.
     362    3.67    3.67   20.43   1.290   0.064  10.203   0.322      0.   13.25    4.77    2.48      0.
     363    4.33    4.33   18.60   1.542   0.176  11.007   0.326      0.   18.82    6.77    3.09      0.
     364    5.67    5.67   25.03   1.323   0.264  10.573   0.496      0.   38.35   13.79    3.82      0.
     365    6.00    6.00   19.17   1.411   0.224  10.270   0.386      0.   17.76    6.39    3.51      0.

